150
3716691 5412090
61508571 4943166
3838227 3531484
5381065 1314849
14355347 6317200
68267256 4685354
11815786 5294177
14865042 5048184
66901702 4459375
9836592 3845926
69696597 1803962
53189738 2872279
19320507 204394
28258765 2298001
24726391 2815141
24323057 3224613
64216456 623331
35562600 6667873
63676580 5349398
48994040 4374869
14286509 2284325
1712602 2402407
39451389 2313591
56781464 2823858
47387047 4685392
32566559 5503165
39634023 747588
67339396 4328826
57680147 5302616
10165914 4828224
35388794 676477
40255527 2536794
28243109 4268380
5888363 5071712
18224400 4603815
65120147 2266284
63636033 4672302
41357432 2333045
54016307 1616589
61902644 3393409
49427417 1481217
62812186 4334548
47312410 3142219
13514421 1371679
9156724 1100203
39811808 4239774
56825137 4291598
5480387 4385515
33329710 1537969
53024509 6123874
47905802 3857844
22218994 4104461
57347586 3213303
35574485 4044670
48554867 5930429
34707670 5093123
53972076 1376881
49475299 5762102
22715500 3124677
59732590 818130
66724308 2170456
4345516 3054722
7952530 4459641
21247004 1307151
43292251 6294092
62161301 691892
43739944 2829356
5965482 401280
63074073 2303429
57539688 6010359
11507480 1129796
29565664 1663131
2203744 4555340
25810385 106199
34873647 5993880
1050143 4889310
31064118 2732275
22919297 2700819
19059948 3141839
27718992 2252921
53005441 5040670
4241666 6563645
39792588 5394648
11474021 5087129
39876595 6995376
55105844 5608866
2235906 5262470
13085256 3258409
14014379 4852477
39299332 4607557
8762765 196170
35639661 4206531
21817133 4664816
13737024 3511491
7256671 6457852
14949996 4574224
21077442 5949216
4986455 5414350
65525585 5581109
17623792 6485239
50200226 1987428
63678420 6128291
5972726 5516321
1565106 1430441
28378872 3764439
14000907 394231
10605377 6350986
58537448 5805946
45632528 3500164
53680494 4725842
26098585 3674763
23383695 1026297
8800396 3840507
65693395 5839575
9746347 1574558
50384007 2330022
50898239 649136
59565021 2758741
6646610 241317
59993909 4145557
17330830 3443963
29851800 2518295
30894831 210526
19269840 5123888
5667669 2430663
25183121 4488651
60112402 2225421
7003273 779227
39999899 1195576
63237093 1333225
37559418 2722907
48663388 6770730
27882619 2999308
38300653 3603337
55707573 5953185
24749342 766595
56787838 6700382
39365580 3926493
59720560 3707414
55003726 04198
46714423 5305254
35881504 6854045
19295657 6697432
35807211 1403273
30709740 1152054
29370080 5305889
33764383 1521494
69585947 1345793
4824069 2709680
9147724 1663541